0.01 36.6 41.2 0 -1
0.03 37.4 39.900000000000006 0 0
0.04 37.6 78.80000000000001 0 -7
0.05 37.6 78.0 0 4
0.06 37.2 47.300000000000004 0 5
0.07 41.6 77.9 0 2
0.08 34.7 78.60000000000001 0 -4
0.1 45.2 76.5 0 -4
0.11 32.6 78.80000000000001 0 -4
0.12 19.1 74.0 0 -2
0.13 37.2 54.6 0 -3
0.16 9.1 54.6 0 7
0.18 7.6000000000000005 55.1 0 -1
0.19 6.7 54.6 0 2
0.2 6.7 53.7 0 -1
0.21 6.7 54.400000000000006 0 -2
0.22 7.2 53.5 0 -9
0.23 7.7 54.2 0 1
0.24 7.800000000000001 54.400000000000006 0 0
0.25 8.6 53.7 0 5
0.26 9.3 53.5 0 1
0.27 10.3 53.7 0 0
0.28 11.3 53.2 0 -4
0.29 12.8 53.800000000000004 0 1
0.3 13.8 53.2 0 0
0.31 16.6 54.0 0 1
0.32 16.6 53.400000000000006 0 0
0.33 46.2 53.6 0 -3
0.34 20.5 32.1 0 -3
0.35000000000000003 22.0 32.1 0 0
0.36 45.5 32.1 0 -1
0.37 49.0 32.1 0 -2
0.38 41.800000000000004 78.7 0 0
0.39 42.0 78.7 0 -8
0.4 40.6 78.7 0 -3
0.41000000000000003 32.4 78.7 0 -4
0.42 38.2 78.7 0 -9
0.43 37.6 32.6 0 -1
0.44 36.7 32.6 0 3
0.45 37.2 33.0 0 2
0.46 37.0 33.0 0 3
0.47000000000000003 36.5 59.900000000000006 0 1
0.48 36.5 59.800000000000004 0 0
0.49 36.6 32.6 0 2
0.5 36.5 37.6 0 0
0.51 37.0 38.5 0 0
0.52 37.4 34.0 0 -2
0.53 38.5 33.800000000000004 0 -3
0.54 38.400000000000006 56.7 0 0
0.55 39.900000000000006 39.300000000000004 0 0
0.56 41.0 78.4 0 -7
0.5700000000000001 43.5 78.4 0 1
0.58 42.5 77.4 0 -1
0.59 42.0 46.2 0 -2
0.6 37.4 51.7 0 -1
0.61 35.300000000000004 51.7 0 0
0.62 32.1 51.7 0 0
0.63 57.400000000000006 51.7 0 -3
0.64 67.2 51.7 0 -3
0.65 21.700000000000003 49.2 0 0
0.66 19.3 50.400000000000006 0 2
0.67 19.3 50.0 0 3
0.68 19.3 50.400000000000006 0 3
0.6900000000000001 16.6 50.400000000000006 0 0
0.7000000000000001 15.8 49.6 0 2
0.71 14.700000000000001 50.0 0 1
0.72 13.9 50.0 0 0
0.73 13.9 50.6 0 -2
0.74 12.200000000000001 50.2 0 -1
0.75 12.0 50.0 0 1
0.76 11.8 49.6 0 0
0.77 11.8 50.0 0 0
0.78 11.8 50.0 0 -4
0.79 11.8 49.400000000000006 0 2
0.8 12.0 49.6 0 0
0.81 12.8 49.800000000000004 0 1
0.8200000000000001 13.0 49.800000000000004 0 4
0.8300000000000001 13.5 49.1 0 9
0.84 14.3 49.1 0 -12
0.85 14.5 49.0 0 -5
0.86 15.600000000000001 48.800000000000004 0 4
0.87 16.6 49.0 0 -15
0.88 17.5 49.2 0 0
0.89 18.1 49.2 0 -10
0.9 18.1 48.800000000000004 0 -1
0.91 21.200000000000003 47.900000000000006 0 -6
0.92 22.5 49.800000000000004 0 -4
0.93 25.700000000000003 49.800000000000004 0 -3
0.9400000000000001 32.6 48.800000000000004 0 0
0.9500000000000001 32.1 48.800000000000004 0 0
0.96 32.6 48.800000000000004 0 -2
0.97 40.400000000000006 48.800000000000004 0 -3
0.98 36.1 48.800000000000004 0 3
0.99 36.6 83.4 0 -1
1.0 35.5 83.4 0 -4
1.01 33.6 83.4 0 -1
1.02 33.4 40.800000000000004 0 -6
1.03 32.4 42.5 0 1
1.04 32.6 83.4 0 -7
1.05 32.1 83.80000000000001 0 -5
1.06 32.1 38.2 0 -4
1.07 32.1 39.1 0 -1
1.08 32.1 40.1 0 -2
1.09 35.7 43.900000000000006 0 -5
1.1 32.1 43.7 0 -2
1.12 33.800000000000004 83.4 6 6
1.1400000000000001 35.7 82.60000000000001 -3 0
1.1500000000000001 37.2 82.60000000000001 0 0
1.16 38.5 35.7 0 -1
1.17 40.800000000000004 81.80000000000001 0 -2
1.18 32.1 95.60000000000001 0 -34
1.19 44.7 95.60000000000001 0 16
1.2 32.4 38.900000000000006 0 -2
1.21 32.6 38.900000000000006 0 -3
1.22 32.6 38.900000000000006 0 0
1.23 101.60000000000001 61.6 0 -1
1.24 101.60000000000001 57.2 0 -1
1.25 101.60000000000001 57.1 0 2
1.26 11.3 56.1 0 1
1.27 9.5 56.0 0 3
1.28 8.4 56.1 0 0
1.3 6.7 55.900000000000006 0 -2
1.31 5.800000000000001 55.400000000000006 0 -8
1.32 5.9 55.400000000000006 0 0
1.33 5.7 55.300000000000004 0 4
1.34 5.7 55.300000000000004 0 2
1.35 5.7 55.5 0 -2
1.36 5.9 55.5 0 -3
1.37 5.800000000000001 55.400000000000006 0 -5
1.4000000000000001 7.7 55.0 0 0
1.41 9.3 54.6 0 -2
1.42 11.200000000000001 54.6 0 -1
1.43 12.8 58.300000000000004 0 -5
1.44 13.9 61.800000000000004 0 1
1.45 16.2 55.900000000000006 0 0
1.46 16.2 55.900000000000006 0 -2
1.47 20.3 55.900000000000006 0 -1
1.48 21.900000000000002 42.5 0 -4
1.49 52.7 59.900000000000006 0 -4
1.5 48.1 62.2 0 -3
1.51 48.1 62.2 0 0
1.52 46.900000000000006 62.2 0 -2
1.53 45.2 62.2 0 6
1.54 43.900000000000006 56.1 0 -5
1.55 43.5 54.6 0 -8
1.56 35.7 53.5 0 -5
1.57 42.0 56.7 0 5
1.58 41.1 56.7 0 -2
1.59 41.0 76.4 0 1
1.6 41.0 76.4 0 -1
1.61 41.6 76.4 0 -2
1.62 41.900000000000006 53.5 0 -1
1.6300000000000001 42.0 32.800000000000004 0 -14
1.6400000000000001 42.300000000000004 55.400000000000006 0 -2
1.6500000000000001 43.7 32.6 0 -1
1.6600000000000001 44.800000000000004 38.2 0 0
1.67 45.2 84.10000000000001 0 2
1.68 47.400000000000006 84.10000000000001 0 0
1.69 49.2 84.10000000000001 0 1
1.7 47.900000000000006 84.10000000000001 0 -1
1.71 51.1 84.10000000000001 0 -2
1.72 33.6 84.10000000000001 0 -5
1.73 32.6 84.10000000000001 0 -2
1.74 32.6 84.10000000000001 0 2
1.75 24.3 48.300000000000004 0 0
1.76 21.1 46.900000000000006 0 1
1.77 19.8 48.800000000000004 0 -4
1.78 19.0 49.0 0 -5
1.79 19.1 47.900000000000006 0 0
1.8 17.400000000000002 47.5 0 -4
1.81 17.5 46.900000000000006 0 3
1.82 15.8 47.1 0 -1
1.83 15.600000000000001 46.7 0 0
1.84 15.4 47.1 0 -1
1.85 14.9 46.400000000000006 0 0
1.86 14.5 46.400000000000006 0 -1
1.87 14.9 46.900000000000006 0 -1
1.8800000000000001 14.700000000000001 46.400000000000006 0 0
1.9000000000000001 14.9 46.400000000000006 0 0
1.9100000000000001 15.700000000000001 46.400000000000006 0 -4
1.92 16.6 45.6 0 -5
1.93 17.900000000000002 46.2 0 2
1.94 18.5 46.400000000000006 0 -12
1.95 18.5 46.400000000000006 0 -6
1.96 19.700000000000003 46.0 0 -6
1.97 21.1 45.2 0 1
1.98 24.1 46.900000000000006 0 2
1.99 24.700000000000003 45.6 0 0
2.0 32.6 46.6 0 -1
2.0100000000000002 32.1 46.400000000000006 0 -2
2.02 34.5 46.400000000000006 0 0
2.0300000000000002 37.2 46.400000000000006 0 -4
2.04 35.7 46.400000000000006 0 -4
2.05 36.4 34.9 0 1
2.06 34.800000000000004 34.800000000000004 0 -1
2.07 33.6 34.800000000000004 0 1
2.08 33.2 34.800000000000004 0 -3
2.09 32.4 83.9 0 0
2.1 32.6 38.900000000000006 0 -4
2.11 32.1 84.10000000000001 0 -1
2.12 32.6 84.30000000000001 0 17
2.13 32.6 35.5 0 -16
2.14 32.4 35.5 0 -6
2.15 32.4 36.6 0 -3
2.16 32.6 63.5 0 8
2.17 32.9 83.80000000000001 0 3
2.18 36.6 83.9 0 1
2.19 42.0 83.5 0 6
2.2 36.6 84.10000000000001 0 -4
2.21 35.9 83.4 0 -1
2.22 37.6 83.9 0 1
2.23 37.6 83.5 0 -1
2.24 39.1 84.5 0 -24
2.25 45.2 84.5 0 2
2.2600000000000002 43.900000000000006 68.8 0 4
2.27 20.400000000000002 68.8 0 3
2.2800000000000002 21.200000000000003 83.0 0 -1
2.29 32.1 83.0 0 1
2.3000000000000003 32.1 83.0 0 -2
2.31 32.1 59.0 0 -4
2.32 12.600000000000001 58.6 0 1
2.33 10.700000000000001 59.5 0 -2
2.34 9.5 59.900000000000006 0 3
2.35 7.4 58.6 0 -3
2.36 6.5 58.2 0 1
2.37 5.5 58.6 0 1
2.38 5.1000000000000005 58.1 0 -3
2.39 4.0 58.6 0 -5
2.4 3.8000000000000003 58.2 0 0
2.41 3.1 58.2 0 -2
2.42 3.1 58.1 0 4
2.43 3.2 58.1 0 -7
2.44 3.2 58.2 0 3
2.45 3.1 58.2 0 0
2.46 3.6 58.0 0 0
2.47 3.1 57.800000000000004 0 2
2.48 4.0 57.300000000000004 0 -4
2.49 4.6000000000000005 58.2 0 12
2.5 5.0 58.1 0 -9
2.5100000000000002 5.800000000000001 58.6 0 -5
2.52 7.6000000000000005 57.800000000000004 0 2
2.5300000000000002 8.4 57.400000000000006 0 -3
2.54 9.4 58.2 0 -1
2.5500000000000003 12.200000000000001 58.800000000000004 0 -2
2.56 13.5 56.300000000000004 0 0
2.57 13.5 64.10000000000001 0 0
2.58 55.7 64.10000000000001 0 1
2.59 55.7 64.10000000000001 0 -2
2.6 54.1 40.1 0 0
2.61 47.900000000000006 58.6 0 -1
2.62 42.800000000000004 42.0 0 0
2.63 44.300000000000004 79.4 0 1
2.64 42.5 57.300000000000004 0 -3
2.65 41.0 57.300000000000004 0 0
2.66 40.1 57.300000000000004 0 -4
2.67 40.1 54.6 0 -2
2.68 39.300000000000004 55.5 0 -3
2.7 39.1 55.5 0 2
2.71 39.300000000000004 55.5 0 -1
2.72 39.7 78.0 0 -1
2.73 40.1 34.0 0 -1
2.74 41.2 37.2 0 -12
2.75 41.2 32.4 0 0
2.7600000000000002 42.7 38.900000000000006 0 -3
2.77 43.5 36.800000000000004 0 -2
2.7800000000000002 44.300000000000004 84.80000000000001 0 -5
2.79 49.0 84.80000000000001 0 0
2.8000000000000003 49.2 82.7 0 -2
2.81 39.7 82.7 0 -4
2.82 34.0 81.7 0 -3
2.83 33.0 46.400000000000006 0 1
2.84 32.6 46.400000000000006 0 0
2.85 32.6 44.7 0 0
2.86 23.700000000000003 45.400000000000006 0 -2
2.87 21.700000000000003 44.800000000000004 0 0
2.88 20.5 43.900000000000006 0 0
2.89 20.5 45.2 0 -6
2.9 19.5 44.5 0 -1
2.91 19.5 44.800000000000004 0 -3
2.92 19.5 45.2 0 -2
2.93 17.5 44.6 0 -5
2.94 17.3 44.6 0 0
2.95 16.900000000000002 44.2 0 -2
2.96 17.3 44.800000000000004 0 -2
2.97 17.2 44.300000000000004 0 5
2.98 17.5 43.900000000000006 0 -3
2.99 17.900000000000002 43.900000000000006 0 -3
3.0 18.400000000000002 43.300000000000004 0 1
3.0100000000000002 18.5 43.7 0 -4
3.02 19.700000000000003 43.900000000000006 0 0
3.0300000000000002 20.3 43.7 0 -3
3.04 21.200000000000003 42.800000000000004 0 0
3.0500000000000003 22.700000000000003 42.900000000000006 0 -2
3.06 32.6 44.300000000000004 0 -3
3.0700000000000003 26.5 43.300000000000004 0 -3
3.08 32.4 42.0 0 -3
3.09 32.6 43.7 0 -2
3.1 32.6 43.7 0 0
3.11 33.2 42.900000000000006 0 -5
3.12 40.0 32.6 0 -1
3.13 46.900000000000006 49.800000000000004 0 0
3.14 38.0 32.1 0 -2
3.15 36.4 34.7 0 -1
3.16 34.9 82.7 0 0
3.17 34.800000000000004 82.5 0 -5
3.18 34.7 35.7 0 0
3.19 33.6 37.0 0 -5
3.2 33.6 37.6 0 6
3.21 33.800000000000004 82.60000000000001 0 -8
3.22 36.2 82.7 0 4
3.23 33.800000000000004 82.5 0 1
3.24 33.0 36.4 0 -1
3.25 33.2 34.9 0 0
3.2600000000000002 36.5 70.8 0 0
3.27 34.800000000000004 37.6 0 1
3.2800000000000002 34.9 83.10000000000001 0 2
3.29 27.3 81.80000000000001 0 -3
3.3000000000000003 35.7 81.80000000000001 0 -1
3.31 36.6 47.5 0 15
3.3200000000000003 38.300000000000004 81.9 0 -1
3.33 38.400000000000006 46.5 0 -2
3.34 39.900000000000006 81.80000000000001 0 1
3.35 40.2 81.0 0 -4
3.36 40.800000000000004 78.4 0 0
3.37 40.800000000000004 78.4 0 -1
3.38 40.800000000000004 255.0 0 -3
3.39 40.800000000000004 34.800000000000004 0 0
3.4 46.0 34.800000000000004 0 -2
3.41 46.0 34.800000000000004 0 0
3.42 7.4 34.800000000000004 0 3
3.43 5.0 34.800000000000004 0 -1
3.44 4.9 64.4 0 0
3.45 4.4 64.4 0 -2
3.46 4.6000000000000005 63.5 0 5
3.47 4.6000000000000005 63.400000000000006 0 3
3.48 4.6000000000000005 65.10000000000001 0 1
3.49 4.6000000000000005 65.2 0 3
3.5 4.6000000000000005 66.8 0 0
3.5100000000000002 4.6000000000000005 66.8 0 -2
3.52 4.6000000000000005 97.60000000000001 0 2
3.5300000000000002 4.6000000000000005 78.80000000000001 0 -1
3.54 65.3 78.80000000000001 0 -1
3.5500000000000003 65.3 78.80000000000001 0 0
3.56 65.3 78.80000000000001 0 -1
3.5700000000000003 65.3 78.80000000000001 0 0
3.58 65.3 34.800000000000004 0 -1
3.59 65.3 42.5 0 6
3.6 65.3 42.5 0 -8
3.61 65.3 42.5 -1 -90
3.62 65.3 64.3 -2 -37
3.63 3.0 57.800000000000004 0 -27
3.64 4.4 56.7 1 36
3.65 4.2 56.300000000000004 1 159
3.66 5.0 55.5 0 -12
3.67 5.800000000000001 55.300000000000004 0 -6
3.68 6.300000000000001 55.1 0 -2
3.69 6.5 55.300000000000004 0 0
3.7 6.7 55.1 0 0
3.71 7.4 54.400000000000006 0 -1
3.72 8.4 54.400000000000006 0 -3
3.73 9.4 54.2 0 -7
3.74 10.9 54.2 0 1
3.75 11.8 55.1 0 -2
3.7600000000000002 13.700000000000001 56.300000000000004 0 -3
3.77 15.600000000000001 56.300000000000004 0 -2
3.7800000000000002 15.600000000000001 56.300000000000004 0 0
3.79 15.600000000000001 56.300000000000004 0 -2
3.8000000000000003 19.8 56.300000000000004 0 1
3.81 32.6 67.7 0 1
3.8200000000000003 47.400000000000006 50.900000000000006 0 -5
3.83 47.400000000000006 50.900000000000006 0 -2
3.84 46.0 50.900000000000006 0 -7
3.85 45.6 60.5 0 -1
3.86 43.900000000000006 51.900000000000006 0 -7
3.87 42.800000000000004 54.400000000000006 0 1
3.88 42.7 54.400000000000006 0 1
3.89 41.800000000000004 75.60000000000001 0 4
3.9 41.1 55.1 0 0
3.91 41.2 51.800000000000004 0 2
3.92 41.2 52.300000000000004 0 -3
3.93 41.0 54.400000000000006 0 -1
3.94 41.2 54.400000000000006 0 0
3.95 41.800000000000004 39.300000000000004 0 5
3.96 41.800000000000004 39.7 0 0
3.97 42.400000000000006 41.1 0 4
3.98 42.800000000000004 42.0 0 -5
3.99 43.5 42.800000000000004 0 1
4.0 44.6 74.2 0 -2
4.01 45.6 73.60000000000001 0 -3
4.0200000000000005 45.5 73.8 0 -3
4.03 47.900000000000006 72.60000000000001 0 -1
4.04 49.1 34.800000000000004 0 -3
4.05 32.6 62.6 0 0
4.0600000000000005 32.6 69.7 0 0
4.07 24.900000000000002 69.7 0 0
4.08 22.700000000000003 69.7 0 -3
4.09 24.5 70.2 0 4
4.1 24.5 70.60000000000001 0 4
4.11 18.1 70.2 0 2
4.12 82.30000000000001 65.8 0 2
4.13 16.2 52.5 0 1
4.14 14.9 51.900000000000006 0 -1
4.15 14.9 47.1 0 3
4.18 11.200000000000001 51.1 0 -11
4.19 10.700000000000001 51.1 0 4
4.21 10.5 51.1 0 -3
4.22 10.700000000000001 50.900000000000006 0 -1
4.23 10.9 50.6 0 5
4.24 11.8 50.0 0 -8
4.25 11.3 49.900000000000006 0 1
4.26 11.8 50.0 0 -3
4.2700000000000005 12.200000000000001 50.0 0 2
4.28 12.100000000000001 50.0 0 -15
4.29 12.8 49.1 0 -4
4.3 13.700000000000001 49.2 0 1
4.3100000000000005 13.700000000000001 49.2 0 0
4.32 15.4 49.2 0 -12
4.33 15.700000000000001 49.0 0 2
4.34 17.5 49.1 0 -3
4.3500000000000005 18.900000000000002 50.6 0 1
4.36 18.400000000000002 50.800000000000004 0 -5
4.37 23.6 50.6 0 4
4.38 24.700000000000003 50.6 0 0
4.39 32.6 50.6 0 -2
4.4 39.1 50.6 0 0
4.41 32.1 50.6 0 0
4.42 29.8 91.60000000000001 0 0
4.43 28.1 91.60000000000001 0 1
4.44 26.700000000000003 90.7 0 6
4.45 25.900000000000002 90.7 0 -40
4.46 26.5 90.2 -1 15
4.47 24.700000000000003 90.9 0 -5
4.48 24.3 90.9 0 2
4.49 24.1 90.2 0 9
4.5 24.1 90.2 0 4
4.51 24.3 90.30000000000001 0 -5
4.5200000000000005 24.900000000000002 90.2 0 -12
4.53 26.5 89.9 0 23
4.54 25.5 89.4 0 -7
4.55 25.5 90.10000000000001 0 -1
4.5600000000000005 25.700000000000003 90.10000000000001 0 -2
4.57 25.1 44.6 0 0
4.58 25.700000000000003 89.5 0 -3
4.59 26.5 89.30000000000001 0 -39
4.6000000000000005 28.8 88.60000000000001 0 3
4.61 29.0 88.30000000000001 0 11
4.62 29.8 89.10000000000001 0 -11
4.63 29.700000000000003 88.60000000000001 0 -3
4.64 32.0 87.7 0 0
4.65 32.6 88.30000000000001 0 -3
4.66 32.1 88.30000000000001 0 -2
4.67 32.800000000000004 33.6 0 -8
4.68 33.0 87.10000000000001 0 3
4.69 35.300000000000004 34.800000000000004 0 0
4.7 33.6 84.9 0 4
4.71 37.6 36.2 0 3
4.72 34.800000000000004 36.1 0 -2
4.73 36.0 84.2 0 1
4.74 36.5 38.2 0 -1
4.75 36.5 85.9 0 -4
4.76 36.5 87.30000000000001 0 3
4.7700000000000005 12.600000000000001 83.0 0 -1
4.78 12.600000000000001 83.0 0 -3
4.79 12.600000000000001 83.0 0 1
4.8 12.600000000000001 83.0 0 -3
4.8100000000000005 12.600000000000001 103.10000000000001 0 -11
4.82 12.600000000000001 103.10000000000001 0 -6
4.83 12.600000000000001 81.80000000000001 0 8
4.84 12.600000000000001 81.80000000000001 0 -3
4.8500000000000005 45.5 78.4 0 -25
4.86 49.6 78.4 0 7
4.87 49.6 78.4 0 85
4.88 4.6000000000000005 55.5 -1 -80
4.89 5.0 57.400000000000006 1 19
4.9 4.4 57.800000000000004 0 7
4.91 4.6000000000000005 58.0 0 -7
4.92 3.8000000000000003 58.2 0 -3
4.93 3.6 58.5 0 -3
4.94 3.1 58.2 0 0
4.96 3.1 58.0 0 -3
4.97 3.6 57.800000000000004 0 -3
4.98 3.8000000000000003 57.300000000000004 0 2
4.99 4.0 57.300000000000004 0 -4
5.0 4.6000000000000005 57.800000000000004 0 -4
5.01 5.5 57.800000000000004 0 1
5.0200000000000005 6.5 57.800000000000004 0 1
5.03 7.7 58.1 0 1
5.04 9.1 57.6 0 10
5.05 10.9 56.900000000000006 0 2
5.0600000000000005 12.8 57.2 0 2
5.07 13.700000000000001 59.1 0 -4
5.08 13.700000000000001 86.4 0 1
5.09 56.2 49.1 0 0
5.1000000000000005 52.5 86.30000000000001 0 0
5.11 21.200000000000003 78.80000000000001 0 0
5.12 49.1 86.5 0 0
5.13 47.900000000000006 73.60000000000001 0 0
5.14 46.400000000000006 73.60000000000001 0 0
5.15 46.2 73.60000000000001 0 2
5.16 53.2 54.400000000000006 0 -6
5.17 45.0 51.7 0 -10
5.18 43.900000000000006 50.800000000000004 0 3
5.19 43.5 51.800000000000004 0 -2
5.2 43.5 53.7 0 -2
5.21 43.5 55.300000000000004 0 2
5.22 43.7 40.400000000000006 0 5
5.23 43.900000000000006 38.900000000000006 0 3
5.24 44.300000000000004 42.0 0 -5
5.25 44.7 72.60000000000001 0 6
5.26 45.5 72.2 0 -5
5.2700000000000005 46.900000000000006 73.60000000000001 0 1
5.28 47.1 72.0 0 0
5.29 48.1 72.0 0 0
5.3 49.0 69.60000000000001 0 -2
5.3100000000000005 52.5 53.400000000000006 0 0
5.33 36.800000000000004 53.400000000000006 0 -1
5.34 55.5 51.800000000000004 0 0
5.3500000000000005 36.0 36.4 0 4
5.36 24.3 68.10000000000001 0 -3
5.37 22.1 63.400000000000006 0 -1
5.38 23.700000000000003 49.1 -1 1
5.39 20.5 49.1 0 0
5.4 19.1 48.300000000000004 0 6
5.41 18.400000000000002 47.300000000000004 0 -2
5.42 16.6 48.1 0 0
5.43 15.700000000000001 47.5 0 1
5.44 14.9 47.400000000000006 0 2
5.45 14.700000000000001 47.400000000000006 0 1
5.46 13.8 47.400000000000006 0 7
5.47 14.3 47.300000000000004 0 0
5.48 13.9 47.300000000000004 0 0
5.49 13.8 47.1 0 -2
5.5 14.3 47.5 0 1
5.51 14.9 47.300000000000004 0 -3
5.5200000000000005 15.4 47.5 0 -6
5.53 15.700000000000001 46.900000000000006 0 10
5.54 16.400000000000002 46.400000000000006 0 -10
5.55 17.400000000000002 47.300000000000004 0 -1
5.5600000000000005 18.3 46.400000000000006 0 -4
5.57 19.900000000000002 46.0 0 2
5.58 19.8 46.0 0 -2
5.59 22.1 46.400000000000006 0 -4
5.6000000000000005 24.1 45.800000000000004 0 2
5.61 27.3 43.7 0 -3
5.62 32.6 43.7 0 1
5.63 32.1 43.7 0 -1
5.64 34.800000000000004 89.10000000000001 0 -4
5.65 32.6 42.7 0 0
5.66 32.6 43.7 0 -8
5.67 30.200000000000003 43.7 0 -70
5.68 29.400000000000002 47.900000000000006 1 16
5.69 32.6 87.9 0 13
5.7 29.700000000000003 87.9 0 7
5.71 28.900000000000002 32.6 1 -5
5.72 28.200000000000003 87.30000000000001 0 8
5.73 28.1 32.6 0 -1
5.74 28.1 87.30000000000001 0 3
5.75 29.6 86.9 0 -25
5.76 28.1 47.5 0 10
5.7700000000000005 28.8 86.4 0 5
5.78 29.8 87.2 0 16
5.79 32.1 87.30000000000001 0 11
5.8 35.7 85.60000000000001 0 -10
5.8100000000000005 39.900000000000006 39.7 0 0
5.82 39.1 86.4 0 0
5.83 41.6 85.30000000000001 0 1
5.84 35.7 41.6 0 1
5.8500000000000005 35.1 84.80000000000001 0 -2
5.86 28.900000000000002 85.7 0 -8
5.87 41.0 85.7 0 9
5.88 38.300000000000004 84.80000000000001 0 2
5.89 38.900000000000006 84.7 0 0
5.9 38.900000000000006 84.7 0 -3
5.91 38.900000000000006 84.7 0 -3
5.92 42.900000000000006 84.7 0 -3
5.93 16.400000000000002 84.7 0 -3
5.94 16.400000000000002 64.10000000000001 0 -4
5.95 10.100000000000001 64.10000000000001 0 -4
5.96 7.2 58.800000000000004 0 -4
5.97 5.800000000000001 60.7 0 1
5.98 5.7 59.7 0 3
5.99 4.6000000000000005 59.7 0 0
6.0 4.0 59.0 0 0
6.01 3.6 59.0 0 -2
6.0200000000000005 3.0 59.1 0 -3
6.03 3.2 59.7 0 2
6.04 3.0 58.800000000000004 0 -5
6.05 3.0 59.0 0 1
6.0600000000000005 3.0 59.0 0 -8
6.07 3.2 59.1 0 -7
6.08 3.0 59.1 0 0
6.09 2.8000000000000003 59.0 0 -1
6.1000000000000005 3.0 59.1 0 1
6.11 3.1 58.900000000000006 0 4
6.12 4.6000000000000005 58.0 0 -2
6.13 5.1000000000000005 58.2 0 11
6.140000000000001 5.5 58.0 0 1
6.15 6.7 59.7 0 -5
6.16 8.200000000000001 59.900000000000006 0 -4
6.17 8.8 59.7 0 -4
6.18 10.9 58.1 0 -4
6.19 13.8 63.5 0 -2
6.2 20.3 63.5 0 1
6.21 20.3 64.10000000000001 0 -2
6.22 19.700000000000003 64.10000000000001 0 -4
6.23 49.2 64.10000000000001 0 -4
6.24 44.800000000000004 76.60000000000001 0 -4
6.25 46.0 41.800000000000004 0 2
6.26 43.7 46.2 0 0
6.2700000000000005 42.400000000000006 80.2 0 -1
6.28 42.900000000000006 80.2 0 0
6.29 40.400000000000006 80.2 0 -4
6.3 40.6 49.400000000000006 0 -9
6.3100000000000005 39.900000000000006 55.400000000000006 0 -2
6.32 39.7 55.400000000000006 0 -3
6.33 39.900000000000006 55.400000000000006 0 1
6.34 39.7 55.400000000000006 0 1
6.3500000000000005 40.400000000000006 51.1 0 -1
6.36 41.0 51.5 0 0
6.37 41.6 32.6 0 3
6.38 42.0 32.6 0 -2
6.390000000000001 43.900000000000006 34.7 0 1
6.4 43.900000000000006 33.4 0 -1
6.41 48.800000000000004 33.4 0 1
6.45 32.6 46.2 0 -2
6.46 32.6 46.0 0 0
6.47 24.1 43.900000000000006 0 -3
6.48 22.1 43.7 0 -2
6.49 21.1 44.300000000000004 0 -4
6.5 19.700000000000003 44.7 0 -1
6.51 19.5 44.800000000000004 0 -1
6.5200000000000005 19.5 45.2 0 -4
6.53 17.400000000000002 44.7 0 0
6.54 17.3 43.900000000000006 0 0
6.55 17.3 44.7 0 -4
6.5600000000000005 17.5 44.6 0 -4
6.57 17.3 44.400000000000006 0 6
6.58 16.6 43.900000000000006 0 -4
6.59 17.5 44.300000000000004 0 2
6.6000000000000005 18.1 43.900000000000006 0 1
6.61 18.5 44.300000000000004 0 -3
6.62 19.0 43.7 0 -6
6.63 19.900000000000002 43.7 0 -4
6.640000000000001 21.3 43.300000000000004 0 -3
6.65 23.3 43.7 0 -4
6.66 32.6 44.300000000000004 0 -4
6.67 25.5 44.800000000000004 0 -7
6.68 37.4 44.800000000000004 0 -4
6.69 32.1 44.800000000000004 0 -4
6.7 42.800000000000004 43.7 0 1
6.71 37.2 43.7 0 -2
6.72 39.7 43.7 0 -2
6.73 38.300000000000004 43.7 0 -3
6.74 36.800000000000004 63.900000000000006 0 4
6.75 36.5 32.6 0 -3
6.76 35.7 32.6 0 6
6.7700000000000005 35.300000000000004 33.0 0 -3
6.78 34.800000000000004 32.1 0 5
6.79 34.9 81.0 0 1
6.8 35.5 81.30000000000001 0 -3
6.8100000000000005 36.6 38.0 0 -3
6.82 70.5 66.60000000000001 0 5
6.83 34.7 81.30000000000001 0 -3
6.84 37.6 81.0 0 -3
6.8500000000000005 36.6 81.0 0 2
6.86 35.7 34.7 0 -1
6.87 36.1 35.7 0 0
6.88 36.5 40.1 0 0
6.890000000000001 36.5 80.4 0 0
6.9 36.4 80.80000000000001 0 0
6.91 36.4 80.10000000000001 0 1
6.92 36.5 79.60000000000001 0 1
6.93 36.4 80.9 0 0
6.94 36.5 80.80000000000001 0 0
6.95 36.4 81.2 0 0
6.96 36.5 80.4 0 0
6.97 32.6 80.80000000000001 0 1
6.98 36.800000000000004 80.80000000000001 0 -4
6.99 36.4 80.5 0 -2
7.0 36.5 80.9 0 -2
7.01 36.4 81.2 0 3
7.0200000000000005 36.800000000000004 81.0 0 0
7.03 36.4 80.80000000000001 0 0
7.04 35.7 80.4 0 0
7.05 36.5 81.0 0 1
7.0600000000000005 36.5 80.80000000000001 0 0
7.07 35.7 80.80000000000001 0 -1
7.08 36.4 80.9 0 0
7.09 36.4 81.2 0 0
7.1000000000000005 35.7 80.80000000000001 0 0
7.11 37.2 80.80000000000001 0 0
7.12 36.4 34.800000000000004 0 0
7.13 36.4 77.0 0 0
7.140000000000001 36.4 81.0 0 0
7.15 35.7 80.80000000000001 0 0
7.16 36.5 32.6 0 0
7.17 36.4 32.6 0 0
7.19 36.4 32.6 0 0
7.2 36.4 32.6 0 0
7.21 36.4 32.6 0 0
7.22 37.2 80.4 0 0
7.23 36.5 80.80000000000001 0 0
7.24 36.4 80.80000000000001 0 1
7.25 36.4 80.9 0 0
7.26 36.4 80.80000000000001 0 0
7.2700000000000005 36.5 80.4 0 1
7.28 36.4 80.9 0 0
7.29 36.4 80.4 0 0
7.3 36.5 80.9 0 0
7.3100000000000005 36.4 80.9 0 1
7.32 36.4 80.9 0 0
7.33 34.800000000000004 32.6 0 0
7.34 36.4 32.6 0 0
7.3500000000000005 36.4 80.80000000000001 0 0
7.36 36.5 80.80000000000001 0 0
7.37 36.4 80.80000000000001 0 0
7.38 36.4 32.6 0 0
7.4 36.4 32.6 0 0
7.41 36.4 32.6 0 0
7.42 36.4 32.6 0 1
7.43 36.4 32.6 0 0
7.44 36.4 32.6 0 0
7.45 36.4 32.6 0 0
7.46 36.4 32.6 0 1
7.47 36.4 32.6 0 0
7.48 36.4 32.6 0 0
7.49 36.4 32.6 0 1
7.5 36.4 32.6 0 0
7.51 36.300000000000004 32.6 0 1
7.5200000000000005 36.4 32.6 0 0
7.53 36.4 32.6 0 0
7.54 36.4 32.6 0 0
7.55 36.4 32.6 0 0
7.5600000000000005 36.4 32.6 0 0
7.57 36.4 32.6 0 0
7.58 36.4 32.6 0 0
7.6000000000000005 36.4 32.6 0 0
7.61 36.4 32.6 0 0
7.62 36.4 32.6 0 0
7.63 36.4 32.6 0 0
7.640000000000001 36.4 32.6 0 1
7.65 36.4 32.6 0 0
7.66 36.4 32.6 0 0
7.67 36.4 32.6 0 0
7.68 36.4 32.6 0 0
7.69 36.4 32.6 0 0
7.7 36.4 32.6 0 0
7.71 36.4 32.4 0 0
7.72 36.4 32.6 0 0
7.73 36.4 32.6 0 0
7.74 36.4 32.6 0 1
7.75 36.4 32.6 0 0
7.76 36.4 32.6 0 0
7.7700000000000005 36.4 32.6 0 0
7.78 36.4 32.6 0 0
7.79 36.4 32.6 0 0
7.8 35.7 32.6 0 0
7.8100000000000005 36.4 80.9 0 0
7.82 36.4 80.9 0 0
7.83 35.9 80.80000000000001 0 0
7.84 36.4 80.4 0 0
7.8500000000000005 35.7 80.9 0 0
7.86 36.5 80.80000000000001 0 1
7.87 36.4 80.5 0 0
7.88 36.4 80.80000000000001 0 1
7.890000000000001 37.2 80.80000000000001 0 0
7.9 36.4 80.80000000000001 0 0
7.91 36.4 81.2 0 0
7.92 36.4 32.6 0 0
7.930000000000001 35.300000000000004 80.80000000000001 0 0
7.94 36.4 81.2 0 0
7.95 36.4 80.80000000000001 0 0
7.96 36.4 80.80000000000001 0 0
7.97 32.6 80.80000000000001 0 0
7.98 36.4 80.80000000000001 0 0
7.99 36.4 80.80000000000001 0 0
8.0 36.5 80.4 0 1
8.01 36.5 80.80000000000001 0 1
8.02 36.4 80.9 0 0
8.03 36.5 80.80000000000001 0 0
8.040000000000001 35.7 80.80000000000001 0 0
8.05 36.0 81.0 0 0
8.06 35.7 80.80000000000001 0 0
8.07 35.9 80.7 0 0
8.08 35.7 80.2 0 0
8.09 36.5 32.6 0 1
8.1 36.4 81.0 0 0
8.11 36.5 80.4 0 1
8.120000000000001 35.7 81.0 0 0
8.13 36.4 32.6 0 1
8.14 36.4 32.6 0 0
8.15 36.4 81.2 0 0
8.16 36.5 80.9 0 0
8.17 36.4 80.80000000000001 0 0
8.18 36.4 80.80000000000001 0 0
8.19 38.0 80.80000000000001 0 1
8.2 37.2 81.2 0 0
8.21 36.4 47.5 0 0
8.22 36.4 32.6 0 0
8.23 36.4 80.30000000000001 0 1
8.24 35.5 80.80000000000001 0 0
8.25 36.5 80.0 0 0
8.26 36.4 32.6 0 1
8.27 36.4 80.80000000000001 0 0
8.28 36.4 80.80000000000001 0 0
8.290000000000001 36.4 80.80000000000001 0 0
8.3 36.4 81.0 0 0
8.31 36.4 80.9 0 0
8.32 37.2 79.9 0 0
8.33 36.4 80.9 0 0
8.34 36.4 81.7 0 0
8.35 36.5 80.80000000000001 0 0
8.36 32.6 80.80000000000001 0 0
8.370000000000001 36.4 80.80000000000001 0 0
8.38 36.4 81.2 0 0
8.39 35.7 80.80000000000001 0 0
8.4 37.2 80.80000000000001 0 0
8.41 36.5 80.0 0 0
8.42 36.4 81.2 0 0
8.43 36.5 80.9 0 0
