0.02 43.5 76.5 4 -2
0.01 43.300000000000004 76.5 4 1
0.05 44.800000000000004 76.5 4 1
0.06 44.300000000000004 73.7 0 -3
0.07 44.6 72.8 0 6
0.08 44.300000000000004 32.6 0 4
0.09 45.2 50.0 0 3
0.1 44.800000000000004 49.6 0 -5
0.11 44.7 49.1 0 3
0.12 44.6 49.1 0 -5
0.13 44.7 32.1 0 0
0.14 44.6 32.6 0 0
0.15 44.7 32.6 0 0
0.16 44.5 34.5 0 0
0.17 44.6 34.800000000000004 0 1
0.18 44.7 36.800000000000004 0 2
0.19 44.7 36.4 0 -3
0.2 45.2 37.4 0 2
0.21 45.2 37.6 0 3
0.22 45.2 37.6 0 2
0.23 45.2 39.7 0 -1
0.24 44.7 39.900000000000006 0 0
0.25 45.6 41.6 0 1
0.26 45.6 42.0 0 -1
0.27 45.5 42.7 0 1
0.28 45.6 42.7 0 0
0.29 45.400000000000006 43.900000000000006 0 -1
0.3 45.2 44.1 0 0
0.31 45.2 46.2 0 -3
0.32 45.2 46.0 0 3
0.33 45.5 46.400000000000006 0 2
0.34 45.400000000000006 32.6 0 2
0.35000000000000003 46.400000000000006 32.4 0 -3
0.36 46.2 32.9 0 0
0.37 46.900000000000006 50.6 0 1
0.38 46.400000000000006 34.5 0 -3
0.39 47.400000000000006 35.7 0 3
0.4 47.1 54.5 0 0
0.41000000000000003 47.5 55.400000000000006 0 2
0.42 48.1 57.2 0 3
0.43 49.0 49.1 0 3
0.44 49.1 60.5 0 -1
0.45 51.5 60.900000000000006 0 -2
0.46 50.2 61.800000000000004 0 1
0.47000000000000003 52.300000000000004 64.9 0 0
0.48 52.300000000000004 64.9 0 5
0.49 54.6 64.9 0 0
0.5 54.6 64.9 0 1
0.51 54.6 90.7 0 0
0.53 12.600000000000001 90.7 0 0
0.54 12.600000000000001 90.7 0 -5
0.55 8.200000000000001 58.0 0 -3
0.56 9.5 58.0 0 3
0.5700000000000001 8.200000000000001 57.300000000000004 0 3
0.58 7.7 57.400000000000006 0 4
0.59 7.4 57.0 0 0
0.6 7.4 56.7 0 -3
0.61 6.7 56.300000000000004 0 1
0.62 6.5 55.900000000000006 0 0
0.63 6.5 55.900000000000006 0 -3
0.64 6.300000000000001 56.1 0 -1
0.65 5.800000000000001 56.300000000000004 0 1
0.66 5.7 56.300000000000004 0 2
0.67 6.7 56.300000000000004 0 0
0.68 5.0 56.300000000000004 0 6
0.6900000000000001 5.0 56.7 0 2
0.7000000000000001 4.9 56.7 0 0
0.71 4.9 56.300000000000004 0 -2
0.72 5.1000000000000005 57.400000000000006 0 -3
0.73 4.6000000000000005 56.900000000000006 0 0
0.74 4.9 57.300000000000004 0 -2
0.75 4.6000000000000005 57.300000000000004 0 4
0.76 4.0 57.800000000000004 0 3
0.77 4.4 57.400000000000006 0 -1
0.78 4.0 57.0 0 0
0.79 4.0 57.300000000000004 0 -1
0.8 4.0 57.300000000000004 0 2
0.81 4.0 57.6 0 0
0.8200000000000001 3.8000000000000003 57.300000000000004 0 -4
0.8300000000000001 3.8000000000000003 57.800000000000004 0 0
0.84 3.8000000000000003 57.800000000000004 0 -3
0.85 3.8000000000000003 57.800000000000004 0 5
0.86 3.8000000000000003 57.800000000000004 0 1
0.87 3.8000000000000003 57.800000000000004 0 1
0.88 3.8000000000000003 57.800000000000004 0 -1
0.89 4.0 57.800000000000004 0 2
0.9 4.0 57.800000000000004 0 -1
0.91 4.0 57.300000000000004 0 2
0.92 4.0 57.800000000000004 0 0
0.93 4.0 57.300000000000004 0 -2
0.9400000000000001 4.0 57.300000000000004 0 0
0.96 5.1000000000000005 57.300000000000004 0 0
0.97 4.0 57.300000000000004 0 -1
0.98 4.6000000000000005 57.800000000000004 0 -1
0.99 5.0 57.400000000000006 0 -2
1.0 5.7 58.1 0 -3
1.01 5.800000000000001 58.0 0 1
1.02 6.7 58.0 0 1
1.03 9.5 58.0 0 3
1.04 8.6 51.0 0 -1
1.05 8.6 49.0 0 -8
1.06 11.3 49.2 0 0
1.07 11.3 45.6 0 0
1.08 11.3 44.6 0 -4
1.09 19.1 43.900000000000006 0 -1
1.1 19.1 32.6 0 -3
1.11 32.2 32.6 0 3
1.12 29.6 44.7 0 1
1.1300000000000001 29.700000000000003 32.6 0 -2
1.1400000000000001 29.0 32.6 0 -5
1.1500000000000001 28.1 89.10000000000001 0 -2
1.16 27.6 89.10000000000001 0 1
1.17 27.3 89.10000000000001 0 0
1.18 27.3 88.7 0 -3
1.19 26.5 87.2 0 -1
1.2 27.1 88.10000000000001 0 -6
1.21 26.700000000000003 32.6 0 0
1.22 26.5 88.30000000000001 0 -1
1.23 26.5 88.30000000000001 0 3
1.24 25.900000000000002 82.7 0 -2
1.25 25.900000000000002 88.30000000000001 0 1
1.26 25.900000000000002 88.30000000000001 0 3
1.27 25.900000000000002 88.7 0 0
1.28 25.900000000000002 88.30000000000001 0 -4
1.29 25.900000000000002 88.5 0 4
1.3 25.900000000000002 87.80000000000001 0 2
1.31 25.900000000000002 88.10000000000001 0 0
1.32 25.700000000000003 87.80000000000001 0 3
1.33 26.5 88.10000000000001 0 2
1.34 25.700000000000003 88.5 0 3
1.35 25.700000000000003 88.5 0 3
1.36 25.5 88.5 0 0
1.37 25.1 88.30000000000001 0 0
1.3800000000000001 25.5 32.6 0 4
1.3900000000000001 25.0 38.5 0 0
1.4000000000000001 25.700000000000003 38.5 0 2
1.41 25.1 36.5 0 0
1.42 25.1 36.6 0 2
1.43 25.1 36.6 0 1
1.44 25.1 39.7 0 5
1.45 25.1 38.5 0 -9
1.46 25.200000000000003 33.4 0 -39
1.47 25.1 33.4 0 -5
1.48 25.5 33.4 0 3
1.49 25.700000000000003 89.30000000000001 0 6
1.5 25.900000000000002 89.30000000000001 0 8
1.51 25.5 89.5 0 6
1.52 25.5 87.2 0 2
1.53 25.5 89.10000000000001 0 9
1.54 25.5 89.10000000000001 0 0
1.55 25.5 49.1 0 0
1.56 25.900000000000002 89.10000000000001 0 6
1.57 25.900000000000002 89.5 0 9
1.58 25.900000000000002 89.30000000000001 0 4
1.59 25.900000000000002 88.60000000000001 0 -13
1.6 26.3 88.7 0 17
1.61 26.3 35.300000000000004 0 -9
1.62 25.900000000000002 89.10000000000001 0 -7
1.6300000000000001 25.900000000000002 88.60000000000001 0 2
1.6400000000000001 25.900000000000002 88.60000000000001 0 2
1.6500000000000001 25.900000000000002 88.60000000000001 0 3
1.6600000000000001 25.900000000000002 89.30000000000001 0 -2
1.67 26.5 89.30000000000001 0 5
1.68 26.5 89.30000000000001 0 1
1.69 26.700000000000003 89.10000000000001 0 -6
1.7 26.700000000000003 88.9 0 -9
1.71 26.700000000000003 88.5 0 4
1.72 27.1 88.7 0 -31
1.73 27.3 87.80000000000001 0 4
1.74 27.3 87.80000000000001 2 6
1.75 26.700000000000003 88.5 0 2
1.76 27.1 88.30000000000001 0 -5
1.77 26.700000000000003 88.30000000000001 0 3
1.78 26.5 88.30000000000001 0 0
1.79 26.8 88.30000000000001 0 0
1.8 26.700000000000003 88.30000000000001 0 7
1.81 26.700000000000003 87.80000000000001 0 7
1.82 26.700000000000003 88.7 0 -1
1.83 26.700000000000003 88.60000000000001 0 1
1.84 26.6 88.60000000000001 0 3
1.85 25.900000000000002 88.30000000000001 0 9
1.86 26.5 88.7 0 5
1.87 26.5 32.6 0 0
1.8800000000000001 26.3 81.4 0 0
1.8900000000000001 26.700000000000003 87.9 0 -4
1.9000000000000001 26.700000000000003 87.7 0 -2
1.9100000000000001 27.1 88.5 0 -7
1.92 28.0 88.5 0 6
1.93 29.8 89.5 0 -19
1.94 32.1 90.10000000000001 0 2
1.95 33.0 42.0 0 2
1.96 32.800000000000004 44.800000000000004 0 1
1.97 35.5 43.7 0 5
1.98 9.9 44.7 0 -5
1.99 7.800000000000001 57.300000000000004 0 0
2.0 7.2 56.7 0 -4
2.0100000000000002 5.9 56.1 0 -6
2.02 5.9 55.900000000000006 0 0
2.0300000000000002 5.7 55.400000000000006 0 0
2.04 5.7 55.300000000000004 0 10
2.05 5.7 55.300000000000004 0 -8
2.06 5.9 55.300000000000004 0 4
2.07 5.9 55.5 0 0
2.08 5.9 55.5 0 -1
2.09 5.9 55.300000000000004 0 -48
2.1 5.9 55.400000000000006 0 3
2.11 5.9 55.400000000000006 0 2
2.12 5.9 55.400000000000006 0 0
2.13 5.9 55.400000000000006 0 0
2.14 5.9 55.5 0 1
2.15 5.9 55.5 0 -1
2.16 5.9 55.5 0 1
2.17 5.9 55.5 0 4
2.18 5.9 55.5 0 -3
2.19 5.9 55.5 0 5
2.2 5.9 55.5 0 3
2.21 5.9 55.5 0 2
2.22 5.7 55.5 0 -7
2.23 5.7 55.5 0 3
2.24 5.9 55.1 0 -3
2.25 5.9 55.1 0 2
2.2600000000000002 5.7 34.0 0 1
2.27 5.800000000000001 55.1 0 -1
2.2800000000000002 5.7 33.6 0 0
2.29 5.7 33.4 0 0
2.3000000000000003 5.7 33.0 0 3
2.31 5.9 55.5 0 1
2.32 5.9 55.5 0 -1
2.33 5.9 32.6 0 -1
2.34 5.9 32.6 0 -2
2.35 5.9 32.6 1 6
2.36 5.9 32.9 0 1
2.37 5.9 32.6 0 -1
2.38 5.9 32.6 0 -1
2.39 5.9 55.5 0 -3
2.4 5.9 32.1 0 0
2.41 5.800000000000001 33.0 0 1
2.42 5.7 55.6 0 -3
2.43 5.7 55.400000000000006 0 -4
2.44 5.800000000000001 55.5 0 -2
2.45 5.7 55.300000000000004 0 3
2.46 5.7 55.300000000000004 0 -2
2.47 5.9 55.300000000000004 0 2
2.48 6.300000000000001 55.300000000000004 0 6
2.49 5.9 55.400000000000006 0 -3
2.5 5.9 55.400000000000006 0 0
2.5100000000000002 5.7 55.5 0 2
2.52 5.800000000000001 55.900000000000006 0 -2
2.5300000000000002 5.7 55.5 0 0
2.54 5.800000000000001 55.5 0 0
2.5500000000000003 5.7 55.400000000000006 0 3
2.56 5.7 55.5 0 0
2.57 5.7 55.5 0 0
2.58 5.7 55.5 0 2
2.59 5.7 55.900000000000006 0 -3
2.6 5.7 56.1 0 0
2.61 5.7 56.1 0 2
2.62 5.7 55.400000000000006 0 -2
2.63 5.7 55.400000000000006 0 3
2.64 5.800000000000001 55.400000000000006 0 0
2.65 5.7 55.400000000000006 0 0
2.66 5.7 56.1 0 0
2.67 5.7 56.1 0 1
2.68 5.800000000000001 56.1 0 5
2.69 5.9 55.7 0 -2
2.7 5.9 56.300000000000004 0 -1
2.71 5.9 55.900000000000006 0 -1
2.72 5.9 55.900000000000006 0 1
2.75 5.9 55.900000000000006 0 0
2.7600000000000002 5.9 56.1 0 -1
2.77 6.300000000000001 56.1 0 0
2.7800000000000002 5.9 56.300000000000004 0 3
2.79 5.9 56.300000000000004 0 -4
2.8000000000000003 6.300000000000001 56.6 0 -5
2.81 5.9 56.1 0 -3
2.82 6.300000000000001 56.300000000000004 0 6
2.83 6.7 56.1 0 -2
2.84 5.9 56.300000000000004 0 6
2.85 5.800000000000001 56.300000000000004 0 2
2.86 5.9 55.900000000000006 0 1
2.87 6.300000000000001 56.1 0 -2
2.88 6.300000000000001 56.1 0 0
2.89 6.5 56.300000000000004 0 0
2.9 6.7 56.300000000000004 0 -2
2.91 7.7 56.7 0 3
2.92 9.5 58.1 0 2
2.93 10.9 58.2 0 0
2.94 12.100000000000001 61.7 0 3
2.95 12.100000000000001 61.7 0 1
2.96 32.4 61.7 0 0
2.97 32.6 61.7 0 0
2.98 32.1 61.7 0 -3
2.99 30.8 68.5 0 1
3.0 32.1 76.60000000000001 0 -2
3.0100000000000002 29.8 76.60000000000001 0 1
3.02 29.8 36.6 0 5
3.0300000000000002 30.200000000000003 38.0 0 -4
3.04 29.0 41.0 0 -7
3.0500000000000003 28.1 41.0 0 2
3.06 28.1 41.0 0 3
3.0700000000000003 27.900000000000002 41.800000000000004 0 -1
3.08 28.200000000000003 41.800000000000004 0 1
3.09 27.3 76.60000000000001 0 1
3.1 28.0 76.60000000000001 0 0
3.11 27.3 34.5 0 0
3.12 27.1 34.5 0 5
3.13 26.5 65.7 0 2
3.14 26.700000000000003 32.6 0 -2
3.15 26.3 34.5 0 3
3.16 26.3 33.6 0 4
3.17 25.900000000000002 33.6 0 -4
3.18 25.900000000000002 33.6 0 4
3.19 25.900000000000002 32.1 0 -2
3.2 25.5 34.9 0 1
3.21 25.5 36.2 0 0
3.22 25.5 36.2 0 -3
3.23 25.900000000000002 36.2 0 0
3.24 25.900000000000002 32.6 0 -3
3.25 25.700000000000003 32.6 0 0
3.2600000000000002 25.700000000000003 32.6 0 3
3.27 25.700000000000003 35.7 0 0
3.2800000000000002 25.700000000000003 35.7 0 0
3.29 25.400000000000002 32.6 0 4
3.3000000000000003 25.700000000000003 32.6 0 0
3.31 25.1 32.6 0 0
3.3200000000000003 25.1 32.1 0 0
3.33 25.1 89.10000000000001 0 3
3.34 25.1 72.9 0 1
3.35 25.1 88.7 0 0
3.36 25.1 32.1 0 4
3.37 25.6 32.1 0 2
3.38 25.1 75.60000000000001 0 -1
3.39 25.1 32.1 0 0
3.4 25.5 32.1 7 -1
3.41 25.1 29.6 0 1
3.42 25.1 32.1 0 2
3.43 24.900000000000002 17.400000000000002 0 0
3.44 24.900000000000002 17.400000000000002 0 0
3.45 24.900000000000002 89.10000000000001 0 2
3.46 24.900000000000002 89.10000000000001 0 2
3.47 24.900000000000002 13.8 2 -1
3.48 24.900000000000002 17.3 0 5
3.49 24.900000000000002 17.5 0 3
3.5 24.900000000000002 32.6 0 -2
3.5100000000000002 25.1 51.1 0 1
3.52 25.200000000000003 18.1 0 0
3.5300000000000002 24.700000000000003 18.1 0 3
3.54 24.200000000000003 89.5 0 -5
3.5500000000000003 24.900000000000002 89.4 0 -4
3.56 25.1 22.8 0 -3
3.5700000000000003 25.1 32.6 0 1
3.58 25.1 34.0 0 1
3.59 25.5 32.6 0 2
3.6 25.900000000000002 32.6 0 2
3.61 27.3 32.6 0 -2
3.62 27.3 32.6 0 -5
3.63 28.0 89.30000000000001 0 4
3.64 32.0 92.9 0 0
3.65 32.6 95.10000000000001 0 9
3.66 33.0 67.7 0 3
3.67 33.0 67.7 0 1
3.68 33.0 59.5 0 -3
3.69 33.0 32.6 0 -1
3.7 10.100000000000001 46.900000000000006 0 -5
3.71 8.6 56.300000000000004 0 0
3.72 8.200000000000001 56.300000000000004 0 -2
3.73 7.4 56.1 0 5
3.74 7.2 55.400000000000006 0 -2
3.75 6.7 55.400000000000006 0 -5
3.7600000000000002 6.7 55.5 0 1
3.77 6.7 55.5 0 1
3.7800000000000002 5.800000000000001 55.400000000000006 0 0
3.79 6.300000000000001 56.2 0 -2
3.8000000000000003 5.800000000000001 56.300000000000004 0 -1
3.81 5.800000000000001 56.1 0 1
3.8200000000000003 5.7 55.300000000000004 0 1
3.83 5.800000000000001 56.1 0 -6
3.84 5.800000000000001 56.6 0 0
3.85 5.800000000000001 56.1 0 2
3.86 5.9 56.1 0 1
3.87 5.800000000000001 56.6 0 -5
3.88 5.7 56.300000000000004 0 -5
3.89 5.800000000000001 56.300000000000004 0 1
3.9 5.7 56.300000000000004 0 3
3.91 5.7 37.4 0 1
3.92 5.800000000000001 55.5 0 0
3.93 5.800000000000001 56.300000000000004 0 1
3.94 5.800000000000001 55.900000000000006 0 -4
3.95 5.800000000000001 55.7 0 -4
3.96 5.800000000000001 37.4 0 -1
3.97 5.7 38.400000000000006 0 2
3.98 5.7 39.300000000000004 0 4
3.99 5.7 36.5 0 0
4.0 5.7 37.2 0 2
4.01 5.7 38.900000000000006 0 5
4.0200000000000005 5.7 55.900000000000006 0 0
4.03 5.0 55.5 0 0
4.04 5.7 55.300000000000004 0 -3
4.05 5.7 55.1 0 -2
4.07 5.7 56.1 0 5
4.08 6.300000000000001 55.400000000000006 0 3
4.09 5.9 55.5 0 6
4.1 5.9 55.5 0 -3
4.11 6.300000000000001 55.5 0 -3
4.12 5.9 55.5 0 4
4.13 6.300000000000001 55.5 0 4
4.14 5.9 55.5 0 1
4.15 5.9 55.900000000000006 0 1
4.16 5.9 55.5 0 1
4.17 5.9 55.5 0 4
4.18 5.9 55.5 0 -1
4.19 5.9 55.5 0 1
4.2 5.9 55.900000000000006 0 2
4.21 5.9 55.300000000000004 0 0
4.22 5.800000000000001 55.5 0 1
4.23 6.300000000000001 55.1 0 1
4.24 5.800000000000001 55.5 0 -1
4.25 5.800000000000001 55.5 0 1
4.26 5.800000000000001 55.900000000000006 0 0
4.2700000000000005 5.7 55.5 0 0
4.28 5.800000000000001 55.5 0 3
4.29 5.800000000000001 54.900000000000006 0 4
4.3 6.300000000000001 55.300000000000004 0 3
4.3100000000000005 6.7 55.300000000000004 0 2
4.32 6.5 55.1 0 0
4.33 7.2 55.5 0 3
4.34 7.4 55.5 0 -5
4.3500000000000005 7.7 55.900000000000006 0 -4
4.36 8.6 55.7 0 -2
4.37 9.1 55.400000000000006 0 0
4.38 10.100000000000001 56.300000000000004 0 2
4.39 11.4 63.900000000000006 0 3
4.4 13.0 58.1 0 2
4.41 13.8 58.1 0 -6
4.42 13.9 58.1 0 2
4.43 13.9 58.1 0 -4
4.44 13.9 32.6 0 4
4.45 13.9 44.7 0 -2
4.46 39.300000000000004 44.800000000000004 0 1
4.47 19.1 32.4 0 4
4.48 24.200000000000003 45.2 0 -3
4.49 43.7 46.400000000000006 0 -4
4.5 25.1 83.30000000000001 0 7
4.5200000000000005 34.5 85.10000000000001 0 3
4.53 32.6 85.10000000000001 0 2
4.54 33.800000000000004 85.10000000000001 0 1
4.55 33.0 83.5 0 3
4.5600000000000005 32.1 83.2 0 -2
4.57 32.6 82.60000000000001 0 0
4.58 32.4 82.60000000000001 0 1
4.59 32.6 83.30000000000001 0 1
4.6000000000000005 32.6 33.7 0 -1
4.62 32.1 34.9 0 0
4.61 32.4 35.6 0 -1
4.63 32.2 36.4 0 4
4.64 32.0 38.5 0 4
4.65 32.0 38.5 0 -1
4.66 30.8 38.6 0 1
4.67 30.3 40.1 0 6
4.68 30.3 32.6 0 -2
4.69 30.3 35.5 0 -4
4.7 30.3 32.1 0 -9
4.71 30.3 32.6 0 3
4.72 30.400000000000002 32.6 0 0
4.73 30.400000000000002 32.1 0 -6
4.74 30.400000000000002 38.0 0 -17
4.75 30.8 32.6 0 2
4.76 32.1 36.5 0 5
4.7700000000000005 32.1 34.0 0 -2
4.78 32.1 33.0 0 -1
4.79 32.1 38.5 0 3
4.8 38.5 36.6 0 2
4.8100000000000005 32.6 34.800000000000004 0 7
4.82 32.6 36.2 0 1
4.83 32.6 35.300000000000004 0 2
4.84 32.6 35.7 0 5
4.8500000000000005 32.6 43.300000000000004 0 8
4.86 32.4 41.6 0 6
4.87 32.1 39.900000000000006 0 5
4.88 32.1 39.900000000000006 0 1
4.89 32.6 39.900000000000006 0 -1
4.9 33.0 39.900000000000006 0 -1
4.91 35.5 39.900000000000006 0 1
4.92 34.5 41.1 0 1
4.93 32.1 41.2 0 0
4.94 32.1 41.2 0 -3
4.95 33.800000000000004 41.2 0 3
4.96 32.6 41.2 0 2
4.97 32.9 43.5 0 1
4.98 34.7 33.800000000000004 0 1
4.99 34.800000000000004 37.4 0 -1
5.0 34.5 37.4 0 1
5.01 36.2 37.4 0 -7
5.0200000000000005 46.0 37.4 0 2
5.03 35.7 37.4 0 -3
5.04 67.9 67.7 0 1
5.05 67.5 34.1 0 2
5.0600000000000005 67.2 68.5 0 -16
5.07 66.9 69.60000000000001 0 12
5.08 34.7 36.6 0 3
5.09 34.0 37.2 0 0
5.1000000000000005 34.0 42.0 0 4
5.11 34.0 83.30000000000001 0 2
5.12 34.9 83.30000000000001 0 1
5.13 34.0 82.7 0 -4
5.14 34.0 41.400000000000006 0 -11
5.15 35.5 83.5 0 3
5.16 35.7 83.5 0 -3
5.17 32.4 85.60000000000001 0 0
5.18 33.2 99.4 0 6
5.2 30.200000000000003 99.4 0 0
5.19 30.200000000000003 99.4 0 1
5.21 98.4 99.4 0 2
5.22 12.100000000000001 56.1 0 -4
5.23 9.4 54.6 0 0
5.24 8.4 54.2 0 0
5.25 7.7 54.2 0 -3
5.26 7.4 53.5 0 -7
5.2700000000000005 7.2 53.5 0 0
5.28 7.2 54.2 0 -5
5.29 7.2 54.2 0 1
5.3 7.2 54.2 0 0
5.3100000000000005 6.7 54.0 0 -3
5.32 6.7 54.400000000000006 0 -8
5.33 6.7 54.400000000000006 0 0
5.34 6.7 54.6 0 3
5.3500000000000005 6.7 54.5 0 1
5.36 6.7 53.7 0 2
5.37 6.7 54.2 0 3
5.38 6.7 54.2 0 -1
5.39 7.2 54.2 0 0
5.4 7.6000000000000005 54.2 0 0
5.41 7.2 54.2 0 -2
5.42 7.4 54.2 0 -2
5.43 7.2 54.2 0 3
5.44 6.7 54.2 0 17
5.45 7.4 54.2 0 10
5.46 7.2 54.0 0 -9
5.47 7.2 54.2 0 -7
5.48 7.2 54.6 0 10
5.49 6.7 53.7 0 12
5.5 7.2 54.2 0 0
5.51 7.6000000000000005 54.2 0 -2
5.5200000000000005 7.4 54.6 0 1
5.53 7.2 54.2 0 0
5.54 7.4 54.2 0 2
5.55 7.2 54.2 0 4
5.5600000000000005 7.2 54.2 0 1
5.57 7.4 53.7 0 -1
5.58 7.4 54.0 0 0
5.59 7.2 53.7 0 -2
5.6000000000000005 7.2 53.7 0 0
5.61 7.6000000000000005 54.400000000000006 0 -1
5.62 7.2 54.400000000000006 0 0
5.63 7.2 54.0 0 0
5.64 7.2 53.7 0 3
5.65 7.4 53.7 0 -2
5.66 7.4 54.5 0 -2
5.67 7.800000000000001 53.800000000000004 0 3
5.68 7.2 54.2 0 0
5.69 7.800000000000001 54.400000000000006 0 -4
5.7 7.4 54.6 0 2
5.71 7.4 54.400000000000006 0 -1
5.72 7.4 54.0 0 1
5.73 7.4 53.800000000000004 0 1
5.74 7.6000000000000005 54.2 0 0
5.75 7.6000000000000005 54.400000000000006 0 0
5.76 6.300000000000001 54.400000000000006 0 1
5.7700000000000005 7.6000000000000005 54.400000000000006 0 1
5.78 7.6000000000000005 54.400000000000006 -4 2
5.79 7.6000000000000005 54.7 0 -6
5.8 7.6000000000000005 54.2 0 -4
5.8100000000000005 7.2 54.6 0 -6
5.82 8.4 54.2 0 2
5.83 8.200000000000001 54.2 0 5
5.84 9.3 54.400000000000006 0 -1
5.8500000000000005 10.9 55.1 0 -2
5.86 12.100000000000001 55.300000000000004 0 2
5.87 14.9 57.400000000000006 0 4
5.88 15.600000000000001 57.400000000000006 0 9
5.89 15.600000000000001 100.60000000000001 0 8
5.9 32.1 100.60000000000001 0 12
5.91 33.6 100.60000000000001 0 0
5.92 33.6 99.30000000000001 0 -14
5.93 33.0 100.0 0 3
5.94 32.6 99.30000000000001 0 -15
5.95 32.6 87.30000000000001 0 -1
5.96 30.3 37.2 0 9
5.97 30.400000000000002 48.300000000000004 0 0
5.98 30.400000000000002 32.6 0 1
5.99 32.0 32.1 0 -2
6.0 30.400000000000002 32.9 0 5
6.01 30.400000000000002 32.6 0 1
6.0200000000000005 29.700000000000003 33.4 0 2
6.03 30.400000000000002 34.5 0 1
6.04 30.3 35.5 0 1
6.05 30.3 38.0 0 0
6.0600000000000005 30.3 32.1 0 0
6.07 30.3 32.1 0 0
6.08 30.3 34.1 0 1
6.09 30.8 33.4 0 -1
6.1000000000000005 30.8 32.6 0 -6
6.11 30.8 47.300000000000004 0 4
6.12 29.700000000000003 84.80000000000001 0 3
6.13 32.0 32.9 0 1
6.140000000000001 32.0 34.5 0 1
6.15 32.0 32.4 0 3
6.16 32.0 35.7 0 3
6.17 32.0 35.7 0 5
6.18 32.0 34.800000000000004 0 -1
6.19 32.2 37.6 0 -2
6.2 32.2 37.6 0 0
6.21 32.2 38.5 0 4
6.22 32.2 39.900000000000006 0 -2
6.23 32.2 40.1 0 5
6.24 32.2 41.0 0 8
6.25 32.1 41.1 0 -7